0  1  0  0
2e-06  1  7.99999e-08  9.59998e-14
3e-06  1  1.2e-07  4.15998e-13
1.3e-05  0.999999  5.19955e-07  4.44299e-11
0.000113  0.999995  4.48809e-06  3.19041e-08
0.001113  0.999955  3.00994e-05  1.44162e-05
0.00700262  0.99972  4.37699e-05  0.000235954
0.0176928  0.999295  3.74982e-05  0.000667761
0.0343171  0.998637  3.6165e-05  0.00132731
0.0777704  0.996936  3.59353e-05  0.00302774
0.215091  0.991746  3.50233e-05  0.00821933
0.685606  0.97571  3.22539e-05  0.0242581
1.48354  0.953118  2.86866e-05  0.0468537
1.48354  0.953118  2.86866e-05  0.0468537
2.41086  0.931991  2.56982e-05  0.0679829
3.39971  0.913643  2.33641e-05  0.086334
4.30468  0.899542  2.17268e-05  0.100436
5.32909  0.885774  2.02516e-05  0.114206
6.3665  0.8736  1.90427e-05  0.126381
7.78636  0.859035  1.77064e-05  0.140947
9.28148  0.845686  1.65795e-05  0.154297
11.6021  0.827841  1.52065e-05  0.172144
13.7371  0.813766  1.42216e-05  0.18622
13.7371  0.813766  1.42216e-05  0.18622
16.8312  0.796176  1.30999e-05  0.203811
19.5632  0.782752  1.23177e-05  0.217236
19.5632  0.782752  1.23177e-05  0.217236
23.6915  0.765123  1.13775e-05  0.234865
27.3297  0.751629  1.07179e-05  0.24836
27.3297  0.751629  1.07179e-05  0.24836
27.3297  0.751629  1.07179e-05  0.24836
32.4365  0.735031  9.97089e-06  0.264959
37.2798  0.721244  9.39906e-06  0.278747
37.2798  0.721244  9.39906e-06  0.278747
44.5217  0.703211  8.71087e-06  0.29678
51.3076  0.68849  8.19426e-06  0.311502
51.3076  0.68849  8.19426e-06  0.311502
61.5091  0.669221  7.57275e-06  0.330772
70.6422  0.654232  7.12781e-06  0.345761
70.6422  0.654232  7.12781e-06  0.345761
70.6422  0.654232  7.12781e-06  0.345761
82.8652  0.636636  6.64394e-06  0.363357
94.599  0.621808  6.26536e-06  0.378186
94.599  0.621808  6.26536e-06  0.378186
111.509  0.603066  5.82122e-06  0.396928
127.681  0.587407  5.47677e-06  0.412587
127.681  0.587407  5.47677e-06  0.412587
150.98  0.567715  5.07451e-06  0.43228
172.527  0.551857  4.77326e-06  0.448138
172.527  0.551857  4.77326e-06  0.448138
203.864  0.531756  4.41757e-06  0.46824
231.978  0.516064  4.1584e-06  0.483932
231.978  0.516064  4.1584e-06  0.483932
276.359  0.494562  3.82703e-06  0.505434
313.491  0.478998  3.6028e-06  0.520998
313.491  0.478998  3.6028e-06  0.520998
364.363  0.460336  3.34967e-06  0.53966
410.59  0.445488  3.15956e-06  0.554509
410.59  0.445488  3.15956e-06  0.554509
481.443  0.42562  2.91953e-06  0.574377
544.935  0.410172  2.74337e-06  0.589825
544.935  0.410172  2.74337e-06  0.589825
544.935  0.410172  2.74337e-06  0.589825
629.375  0.392226  2.54932e-06  0.607772
710.734  0.377146  2.39445e-06  0.622851
710.734  0.377146  2.39445e-06  0.622851
826.329  0.358523  2.21272e-06  0.641475
936.501  0.343181  2.07039e-06  0.656817
936.501  0.343181  2.07039e-06  0.656817
1092.45  0.324452  1.90501e-06  0.675546
1236.23  0.309617  1.78012e-06  0.690382
1236.23  0.309617  1.78012e-06  0.690382
1441.75  0.291402  1.63365e-06  0.708596
1626.8  0.277362  1.52562e-06  0.722636
1626.8  0.277362  1.52562e-06  0.722636
1906.19  0.259258  1.39214e-06  0.740741
2147.62  0.245964  1.29808e-06  0.754035
2147.62  0.245964  1.29808e-06  0.754035
2147.62  0.245964  1.29808e-06  0.754035
2461.86  0.231091  1.19659e-06  0.768908
2764.67  0.218791  1.11549e-06  0.781208
2764.67  0.218791  1.11549e-06  0.781208
3201.2  0.203657  1.01905e-06  0.796342
3621.63  0.191333  9.43116e-07  0.808666
3621.63  0.191333  9.43116e-07  0.808666
4219.64  0.176583  8.55142e-07  0.823416
4777.28  0.165087  7.88685e-07  0.834912
4777.28  0.165087  7.88685e-07  0.834912
5560.41  0.151596  7.12939e-07  0.848403
6286.16  0.141205  6.56187e-07  0.858794
6286.16  0.141205  6.56187e-07  0.858794
7319.12  0.128919  5.90795e-07  0.87108
8282.85  0.119466  5.41697e-07  0.880534
8282.85  0.119466  5.41697e-07  0.880534
9672.89  0.108243  4.84735e-07  0.891757
10974.1  0.0996737  4.42182e-07  0.900326
10974.1  0.0996737  4.42182e-07  0.900326
12858.3  0.0895753  3.93045e-07  0.910424
14628.4  0.0819312  3.56557e-07  0.918068
14628.4  0.0819312  3.56557e-07  0.918068
17198.7  0.0730065  3.14704e-07  0.926993
19633.1  0.0662857  2.83707e-07  0.933714
19633.1  0.0662857  2.83707e-07  0.933714
23189.7  0.0584991  2.48339e-07  0.941501
26592.2  0.0526673  2.22225e-07  0.947332
32392.3  0.0450314  1.88508e-07  0.954968
37406.3  0.0400771  1.66914e-07  0.959923
