0  1  0  0
0.0002  0.999992  7.81385e-06  1.8611e-07
0.0003  0.999988  1.15031e-05  4.9679e-07
0.0013  0.999948  3.29538e-05  1.9042e-05
0.0113  0.999549  4.36866e-05  0.000407261
0.0231518  0.999078  3.70078e-05  0.000884779
0.0433981  0.998279  3.60753e-05  0.00168502
0.101158  0.996033  3.57815e-05  0.00393095
0.260764  0.990077  3.47261e-05  0.00988799
0.891603  0.969375  3.12144e-05  0.0305936
1.66708  0.948563  2.80143e-05  0.0514089
1.66708  0.948563  2.80143e-05  0.0514089
2.49802  0.930301  2.54732e-05  0.0696736
3.32562  0.915071  2.35374e-05  0.0849053
4.19771  0.901318  2.19258e-05  0.0986605
5.14247  0.888369  2.05206e-05  0.11161
6.27444  0.874827  1.91607e-05  0.125153
7.60264  0.860986  1.78788e-05  0.138996
9.27145  0.845908  1.65975e-05  0.154075
11.1757  0.831041  1.54421e-05  0.168944
13.5521  0.815034  1.4307e-05  0.184951
16.1095  0.800157  1.33438e-05  0.19983
19.3912  0.783647  1.23681e-05  0.21634
22.7512  0.768999  1.15762e-05  0.230989
27.4628  0.751213  1.06984e-05  0.248776
31.9319  0.736603  1.00388e-05  0.263387
31.9319  0.736603  1.00388e-05  0.263387
38.0511  0.719177  9.31688e-06  0.280813
43.8631  0.704745  8.76694e-06  0.295246
43.8631  0.704745  8.76694e-06  0.295246
52.0746  0.686917  8.14127e-06  0.313075
59.8934  0.672096  7.66181e-06  0.327896
59.8934  0.672096  7.66181e-06  0.327896
65.4997  0.662522  7.36994e-06  0.337471
65.4997  0.662522  7.36994e-06  0.337471
70.9852  0.653845  7.11673e-06  0.346148
79.5792  0.641355  6.76987e-06  0.358638
91.2813  0.626094  6.37221e-06  0.373899
110.887  0.603912  5.84049e-06  0.396082
130.592  0.584886  5.42341e-06  0.415109
130.592  0.584886  5.42341e-06  0.415109
142.999  0.574274  5.20487e-06  0.425721
142.999  0.574274  5.20487e-06  0.425721
153.494  0.565968  5.04037e-06  0.434027
169.653  0.554143  4.81551e-06  0.445852
191.22  0.539851  4.55748e-06  0.460144
230.949  0.516911  4.172e-06  0.483084
270.005  0.497684  3.87354e-06  0.502312
270.005  0.497684  3.87354e-06  0.502312
297.051  0.485931  3.70114e-06  0.514065
